Please enter 100 integers: 1001732710
1130627722
212076706
1210122059
2099547600
451335707
1541183096
2107999106
634977409
1948949050
849129538
1495160718
1613032467
748732154
596755288
1523561285
859496057
1049352518
833278499
50774757
890085580
2066658114
1950986981
460079997
1997270990
771654389
1573123988
58972093
1420234989
800054174
752720362
274484052
1930681896
964797068
1484606111
1882745848
1416132775
878305559
1843261306
2051110185
679770962
544907196
1398787255
145319781
1293639350
1995542543
1668881066
5651759
897411413
354675917
56426517
1787496993
273850383
2007413498
100093343
123637726
631584239
1673217331
182609819
2051819229
325787857
935330181
178819633
108986105
1900127249
1663425744
1991731953
1168776377
394247655
1687509611
1072402914
1074018617
84933159
323706521
1219338398
1378572510
171765416
740735816
1384224269
1069176830
1095411734
1440650786
709190175
1369262117
1300580637
809283518
1492899843
1932164876
335017202
1675509663
1836500457
660805059
463356196
2015320090
769791165
215999798
1531262186
614039470
1384776175
1925509842
Sorted sequence of numbers:
5651759
50774757
56426517
58972093
84933159
100093343
108986105
123637726
145319781
171765416
178819633
182609819
212076706
215999798
273850383
274484052
323706521
325787857
335017202
354675917
394247655
451335707
460079997
463356196
544907196
596755288
614039470
631584239
634977409
660805059
679770962
709190175
740735816
748732154
752720362
769791165
771654389
800054174
809283518
833278499
849129538
859496057
878305559
890085580
897411413
935330181
964797068
1001732710
1049352518
1069176830
1072402914
1074018617
1095411734
1130627722
1168776377
1210122059
1219338398
1293639350
1300580637
1369262117
1378572510
1384224269
1384776175
1398787255
1416132775
1420234989
1440650786
1484606111
1492899843
1495160718
1523561285
1531262186
1541183096
1573123988
1613032467
1663425744
1668881066
1673217331
1675509663
1687509611
1787496993
1836500457
1843261306
1882745848
1900127249
1925509842
1930681896
1932164876
1948949050
1950986981
1991731953
1995542543
1997270990
2007413498
2015320090
2051110185
2051819229
2066658114
2099547600
2107999106
